(195.29896907216494, 55.02852968741399):(146.87292574011798, 62.76324494183814)
(192.94492529907933, 86.97626660786165):(147.20921770770167, 99.7553613760407)
(190.59088152599372, 120.60546336622758):(148.21809361045263, 135.73860190749224)
(186.89166988257347, 150.19915651358963):(149.56326148078728, 172.39442637411116)
(185.21021004465518, 183.49206130437193):(150.57213738353823, 209.38654280831366)
(182.5198743039859, 212.07687854898296):(151.58101328628925, 244.69719940459794)
(314.6826175643641, 78.23267545068649):(284.7526324494184, 66.79874855284208)
(309.97453001819287, 112.53445614421975):(285.76150835216936, 100.09165334362433)
(304.9301505044379, 147.1725288053367):(286.7703842549203, 134.72972600474128)
(301.56723082860134, 180.465433596119):(287.44296819008764, 169.36779866585823)
(297.8680191851811, 213.75833838690124):(288.45184409283866, 204.34216329455882)
(292.48734770384254, 247.05124317768355):(289.124428028006, 238.3076520205084)
(450.8808644357462, 106.14490876013025):(407.8354925850378, 71.84312806659693)
(444.82760901924024, 143.13702519433275):(408.50807652020507, 103.11828105187732)
(437.7654776999835, 178.78397375820066):(409.5169524229561, 135.4023099399086)
(432.04851425106125, 215.43979822481958):(410.18953635812335, 167.01375489277257)
(425.322674899388, 250.7504548211038):(410.86212029329073, 199.97036771597124)
(419.26941948288214, 284.71594354705337):(412.2072881636254, 232.25439660400252)
(91.72104305639783, 249.06899498318552):(127.70428358784943, 282.69819174155145)
(124.34136391201281, 249.74157891835281):(161.669772313799, 274.2908925519599)
