(195.63526103974863, 55.36482165499763):(147.20921770770167, 63.43582887700546)
(193.61750923424665, 86.63997464027796):(147.20921770770167, 98.41019350570605)
(190.59088152599372, 120.26917139864395):(148.89067754561995, 135.73860190749224)
(188.23683775290812, 152.2169083190916):(149.56326148078728, 171.72184243894384)
(185.21021004465518, 183.49206130437193):(150.2358454159546, 209.05025084073003)
(183.1924582391532, 212.4131705165666):(152.25359722145657, 244.02461546943061)
(453.90749214399915, 295.1409945421468):(438.7743536027344, 231.58181266883523)
(459.960747560505, 261.17550581619724):(438.7743536027344, 200.9792436187222)
(465.67771100942724, 223.84709741441105):(437.0928937648161, 167.01375489277257)
(474.08501019901865, 190.21790065604512):(436.75660179723246, 136.41118584265956)
(481.14714151827553, 151.54432438392428):(436.0840178620652, 104.46344892221191)
(487.87298086994866, 114.88849991730535):(435.4114339268978, 73.18829593693158)
(91.3847510888142, 249.06899498318552):(128.37686752301676, 283.0344837091351)
(124.34136391201281, 250.07787088593648):(163.01494018413365, 274.6271845195436)
